generator_and_encoder_train_losses: [8.041740417480469, 4.410978317260742, 8.86899185180664, 4.110777378082275, 9.345552444458008, 5.102073669433594, 10.059450149536133, 5.145775318145752, 10.315546035766602, 5.314547538757324, 10.516868591308594, 4.969249248504639, 10.882163047790527, 5.642508029937744, 12.079421043395996, 7.5528154373168945, 13.198205947875977, 7.544878005981445, 11.146493911743164, 8.074152946472168, 12.590606689453125, 8.412376403808594, 10.859457015991211, 7.967031478881836, 11.272485733032227, 7.303490161895752]
discriminator_train_losses: [1.4700080156326294, 1.9111319780349731, 1.32130765914917, 1.2988094091415405, 1.2202037572860718, 0.8941975235939026, 0.8037899732589722, 0.554641604423523, 0.6147196292877197, 0.4524138867855072, 0.4342065751552582, 0.3693605363368988, 0.247740238904953, 0.5572230815887451, 0.1025899350643158, 0.26728731393814087, 0.08622127771377563, 0.1097210943698883, 0.21270017325878143, 0.09233656525611877, 0.10307341814041138, 0.17353729903697968, 0.297932893037796, 0.07747576385736465, 0.2682407796382904, 0.07155045866966248]
generator_and_encoder_train_accuracies: [342.0693359375, 351.9371643066406, 342.65386962890625, 339.406005859375, 357.5538635253906, 352.0148010253906, 373.32232666015625, 364.520263671875, 339.3603820800781, 362.7232971191406, 369.1455078125, 387.66497802734375, 362.4030456542969, 347.1535949707031, 358.4817199707031, 393.82177734375, 360.6582946777344, 354.3614501953125, 362.0323791503906, 348.92620849609375, 353.3782958984375, 361.16741943359375, 354.9993591308594, 364.40802001953125, 373.7072448730469, 373.6551513671875]
discriminator_train_accuracies: [0.4000000059604645, 0.6000000238418579, 0.699999988079071, 0.5, 0.6000000238418579, 0.6000000238418579, 0.5, 0.6000000238418579, 0.699999988079071, 0.699999988079071, 0.699999988079071, 0.800000011920929, 1.0, 0.699999988079071, 1.0, 1.0, 1.0, 1.0, 0.9000000357627869, 1.0, 1.0, 1.0, 0.9000000357627869, 1.0, 0.9000000357627869, 1.0]
generator_and_encoder_val_losses: [7.009002685546875, 5.05825662612915, 7.317741394042969, 4.041418552398682, 7.791305065155029, 3.5655574798583984, 8.046448707580566, 4.2054595947265625, 8.206488609313965, 5.111688613891602, 9.284290313720703, 5.136111259460449, 10.234857559204102, 5.989004135131836, 10.668516159057617, 5.321669578552246, 12.583288192749023, 5.950486660003662, 9.935333251953125, 6.579520225524902, 11.61923885345459, 6.782125949859619, 10.002660751342773, 5.079104900360107, 10.664735794067383, 6.319038391113281]
discriminator_val_losses: [1.9534765481948853, 1.307039499282837, 1.6104087829589844, 1.2870312929153442, 1.2964816093444824, 0.8713797330856323, 1.1379486322402954, 0.5185694098472595, 0.9665495157241821, 0.42567330598831177, 0.8713296055793762, 0.3117932975292206, 1.1588666439056396, 0.1576457917690277, 1.0241875648498535, 0.06399725377559662, 0.5047615170478821, 0.2199135571718216, 0.24823980033397675, 0.06666262447834015, 0.5406343936920166, 0.40857192873954773, 0.278830349445343, 0.12834064662456512, 0.14927849173545837, 0.05560999736189842]
generator_and_encoder_val_accuracies: [359.7450866699219, 348.453369140625, 342.22515869140625, 359.222900390625, 350.9554138183594, 337.012939453125, 361.5154113769531, 353.1136169433594, 341.09149169921875, 355.5460205078125, 365.7920227050781, 362.28533935546875, 355.13232421875, 343.60125732421875, 350.83428955078125, 343.4503173828125, 348.7778625488281, 358.4758605957031, 365.5692138671875, 377.48291015625, 362.8548583984375, 370.9060363769531, 372.2625732421875, 362.3554382324219, 374.902099609375, 372.02862548828125]
discriminator_val_accuracies: [0.5, 0.7, 0.5, 0.5, 0.5, 0.6, 0.5, 0.7, 0.6, 0.8, 0.5, 0.9, 0.6, 0.9, 0.6, 1.0, 0.6, 0.9, 0.8, 1.0, 0.6, 0.9, 0.8, 0.9, 1.0, 1.0]
recognizer_train_errors: [1.0689655542373657, 1.1436781883239746, 1.2126436233520508, 1.2011494636535645, 1.3678160905838013, 1.2413792610168457, 1.3333333730697632, 1.4482758045196533, 1.2816091775894165, 1.0862069129943848, 1.1781609058380127, 1.0402299165725708, 1.3103448152542114, 1.3333333730697632, 1.2643678188323975, 1.2586207389831543, 1.2011494636535645, 1.1321839094161987, 1.1781609058380127, 1.1206896305084229, 1.2126436233520508, 1.028735637664795, 1.0574712753295898, 1.3160918951034546, 1.2241379022598267, 1.2528735399246216]
recognizer_val_errors: [1.0351759195327759, 1.0804020166397095, 1.0301507711410522, 1.0100502967834473, 1.140703558921814, 1.0251256227493286, 0.9396985173225403, 0.9949748516082764, 0.9346733689308167, 0.9396985173225403, 0.9396985173225403, 1.2211055755615234, 1.0804020166397095, 1.0753768682479858, 1.0351759195327759, 0.8994975090026855, 1.0904523134231567, 0.8944723606109619, 0.9547738432884216, 0.9145728349685669, 0.9145728349685669, 0.9396985173225403, 0.8994975090026855, 0.909547746181488, 1.0904523134231567, 1.0954773426055908]
saved_generator_and_encoder_models_epochs: [0.0, 1.0, 3.0, 5.0]
saved_discriminator_models_epochs: [0.0, 1.0, 3.0, 5.0, 7.0, 9.0, 11.0, 13.0, 15.0, 25.0]
